2
73
145
212
256
329
352
425
432
486
487
547
595
597
675
688
716
769
804
846
854
873
1026
1046
1084
1106
1113
1154
1213
1273
1285
1333
1384
1418
1511
1565
1677
1717
1762
1781
1783
1920
2030
2113
2162
2182
2222
2250
2251
2357
2453
2482
2521
2559
2644
2710
2716
2755
2758
2808
2826
2876
2908
2965
3067
3116
3185
3275
3330
3355
3359
3363
3417
3476
3489
3509
3635
3687
3748
3751
3809
4015
4168
4180
4186
4210
4291
4294
4410
4434
4511
4561
4568
4676
4746
4807
4839
4912
4924
4933
4938
4953
4970
4997
5021
5109
5215
5246
5307
5363
5437
5468
5487
5518
5560
5679
5887
5970
6004
6014
6107
6229
6322
6344
6386
6464
6502
6534
6598
6659
6703
6747
6885
6960
6963
7146
7168
7186
7206
7226
7294
7321
7328
7329
7352
7447
7493
7627
7665
7779
7792
7930
7962
7973
8007
8048
8140
8243
8251
8276
8334
8341
8358
8397
8502
8645
8679
8777
8912
8993
9026
9046
9138
9152
9190
9285
9467
9570
9576
9593
9659
9664
9960
10008
10070
10093
10119
10135
10275
10280
10282
10298
10533
10548
10558
10581
10601
10651
10761
10770
10789
10870
10972
10979
10984
11018
11051
11166
11190
11262
11388
11484
11512
11634
11643
11663
11742
11753
11839
11897
12010
12085
12210
12303
12394
12415
12449
12479
12483
12514
12551
12553
12593
12770
12912
13057
13059
13174
13193
13265
13285
13297
13303
13342
13456
13490
13564
13592
13674
13703
13730
13801
13926
13936
13950
14007
14014
14047
14188
14296
14308
14337
14371
14441
14455
14482
14511
14516
14524
14528
14578
14599
14658
14735
14778
14840
14892
14909
14936
15068
15091
15182
15203
15215
15225
15281
15284
15290
15362
15371
15479
15513
15520
15527
15562
15596
15610
15673
15720
15749
15766
15778
15779
15817
15951
15979
16048
16086
16088
16089
16094
16148
16180
16355
16424
16426
16452
16453
16499
16713
16744
16751
16757
16829
16891
16915
16916
17025
17047
17109
17127
17128
17131
17135
17138
17192
17196
17227
17277
17290
17294
17350
17370
17490
17520
17646
17663
17693
17716
17732
17744
17777
17936
18044
18065
18135
18160
18184
18214
18333
18443
18467
18544
18560
18566
18618
18660
18663
18700
18731
18754
18822
18825
18830
18850
18863
18910
18933
18939
18944
18998
18999
19036
19117
19163
19234
19280
19310
19433
19439
19481
19558
19566
19626
19657
19706
19718
19761
19775
19814
20014
20026
20119
20137
20216
20263
20278
20309
20358
20376
20492
20588
20605
20649
20674
20771
20791
20816
20891
20917
20985
21072
21103
21283
21320
21334
21346
21547
21598
21608
21633
21786
21806
21810
21881
21927
21929
21947
21949
21993
22053
22137
22142
22155
22173
22330
22519
22523
22543
22829
22830
22934
22971
22998
23105
23303
23340
23349
23385
23418
23421
23431
23527
23651
23662
23716
23847
23933
23979
23981
24042
24052
24072
24137
24142
24175
24202
24205
24231
24252
24316
24355
24372
24456
24496
24724
24729
24740
24758
24762
24786
24872
24883
24905
24908
24941
24943
25002
25010
25026
25043
25049
25086
25101
25143
25154
25156
25175
25192
25219
25274
25288
25397
25446
25466
25553
25709
25724
25865
25906
25961
25992
25994
26003
26023
26134
26168
26179
26191
26197
26202
26274
26362
26405
26431
26434
26464
26467
26557
26563
26649
26673
26687
26794
27007
27010
27028
27030
27071
27112
27163
27201
27253
27398
27420
27450
27504
27524
27698
27712
27749
27798
27836
27837
27854
27874
27890
27902
28067
28090
28126
28252
28274
28420
28421
28528
28569
28581
28595
28646
28729
28731
28868
28901
28943
29019
29022
29057
29079
29103
29287
29330
29385
29401
29501
29549
29589
29637
29696
29817
29971
29989
30037
30070
30089
30125
30184
30226
30242
30253
30350
30362
30474
30493
30571
30605
30606
30660
30669
30709
30776
30827
30858
30860
30935
30948
31029
31101
31121
31130
31141
31175
31244
31248
31317
31354
31376
31420
31429
31491
31512
31593
31648
31681
31682
31713
31752
31797
31807
31915
31943
32003
32020
32095
32180
32240
32277
32291
32341
32386
32441
32453
32456
32499
32525
32531
32590
32693
32716
32726
32764
32895
33025
33061
33112
33145
33157
33161
33262
33264
33302
33323
33472
33473
33594
33842
33848
33860
33946
33958
34013
34155
34337
34386
34455
34483
34485
34633
34667
34685
34774
34812
34834
34840
35045
35089
35152
35162
35163
35259
35261
35284
35299
35306
35317
35345
35388
35428
35450
35549
35599
35651
35674
35692
35728
35760
35880
35891
35953
35966
35981
35997
36088
36213
36218
36255
36260
36330
36410
36493
36528
36578
36606
36620
36670
36726
36740
36787
36791
36842
36947
36982
37048
37139
37149
37268
37344
37364
37424
37449
37566
37568
37594
37687
37689
37712
37735
37762
37771
37772
37777
37807
37836
37849
37912
37927
37984
38149
38193
38241
38294
38307
38324
38339
38403
38430
38453
38477
38514
38543
38655
38666
38813
38821
38846
38855
38862
38915
38916
38922
39172
39258
39276
39307
39329
39353
39458
39470
39488
39529
39577
39590
39633
39712
39746
39750
39910
39936
40060
40141
40142
40203
40242
40287
40302
40312
40340
40422
40423
40469
40492
40523
40571
40622
40661
40703
40731
40820
40830
40845
41035
41112
41135
41137
41216
41321
41340
41362
41500
41519
41625
41695
41714
41748
41769
41820
41869
41980
42056
42071
42085
42228
42292
42293
42392
42410
42430
42438
42443
42532
42536
42749
42788
42805
42851
42940
43049
43076
43104
43128
43151
43155
43217
43262
43271
43300
43369
43408
43446
43449
43511
43530
43613
43673
43797
43860
43973
44020
44087
44098
44111
44145
44164
44266
44276
44316
44321
44369
44380
44381
44397
44468
44514
44522
44585
44667
44784
44834
44911
44924
44935
44987
45063
45085
45193
45253
45261
45322
45329
45351
45411
45447
45455
45469
45504
45671
45746
45792
45825
45931
46187
46229
46277
46278
46359
46514
46614
46619
46637
46730
46747
46827
46848
46870
46916
46941
46961
46999
47019
47078
47090
47094
47254
47337
47362
47479
47515
47569
47616
47678
47687
47756
47785
47795
47941
47943
47995
48027
48050
48074
48143
48253
48406
48450
48455
48541
48551
48590
48597
48664
48711
48816
48927
49002
49003
49044
49066
49117
49123
49129
49172
49225
49248
49481
49559
49562
49602
49623
49764
49765
49799
49854
49885
49903
49984
50008
50033
50055
50068
50243
50247
50260
50355
50531
50546
50585
50597
50602
50672
50742
50751
50772
50881
50894
50895
50923
50934
50936
50999
51020
51021
51043
51083
51086
51119
51332
51370
51378
51423
51460
51578
51607
51714
51748
51784
51791
51963
52008
52064
52091
52106
52189
52224
52237
52294
52384
52387
52399
52595
52645
52764
52795
52832
52877
52892
53055
53087
53108
53165
53167
53276
53287
53299
53355
53358
53390
53412
53543
53683
53707
53713
53725
53736
53743
53830
53831
53893
53912
54117
54274
54377
54382
54418
54442
54629
54644
54759
54821
54850
55012
55019
55075
55102
55144
55186
55210
55276
55286
55337
55374
55404
55475
55480
55481
55540
55549
55586
55595
55597
55615
55691
55715
55782
55787
55878
55980
55992
56026
56109
56134
56187
56238
56239
56252
56278
56570
56668
56697
56716
56731
56766
56831
56912
56945
56981
57014
57090
57097
57145
57229
57241
57372
57558
57630
57687
57697
57724
57750
57945
57961
58050
58150
58232
58244
58272
58337
58407
58606
58610
58646
58747
58757
58786
58812
58836
58837
58847
58931
58948
58961
58972
59000
59007
59052
59074
59122
59201
59279
59301
59303
59306
59314
59407
59427
59451
59585
59737
59780
59781
59874
59978
59994
60031
60060
60117
60132
60278
60434
60445
60495
60583
60591
60645
60646
60828
60835
61029
61082
61112
61285
61294
61362
61382
61530
61627
61659
61683
61744
61808
61860
61945
61956
61981
62054
62084
62184
62227
62229
62266
62370
62470
62484
62505
62590
62613
62668
62684
62708
62742
62801
62861
62875
62905
62906
63062
63086
63164
63227
63238
63282
63293
63397
63521
63549
63568
63580
63592
63728
63733
63808
63810
63832
63859
63869
63885
63929
63959
64044
64063
64102
64134
64207
64226
64240
64312
64344
64366
64377
64415
64491
64602
64629
64631
64680
64832
64861
64947
65025
65033
65051
65082
65087
65212
65271
65322
65424
65492
65493
65551
65575
65596
65677
65763
65773
66032
66117
66127
66189
66250
66264
66380
66411
66430
66538
66553
66700
66753
66778
66779
66909
66945
66947
66977
66998
67070
67139
67143
67153
67168
67239
67259
67277
67415
67416
67425
67435
67443
67452
67461
67477
67478
67481
67487
67493
67499
67570
67686
67701
67764
67783
67826
67846
67877
67980
67997
68005
68130
68192
68258
68262
68347
68503
68600
68638
68788
68803
68809
68848
68937
68946
69031
69091
69104
69110
69123
69380
69386
69392
69451
69515
69586
69591
69602
69625
69641
69728
69773
69782
69806
69901
70048
70153
70231
70252
70272
70419
70462
70482
70510
70594
70598
70623
70639
70689
70711
70803
70843
70876
71096
71109
71278
71287
71337
71350
71373
71386
71403
71606
71608
71658
71673
71810
71871
71893
71897
71954
72046
72129
72159
72176
72217
72218
72251
72260
72324
72332
72421
72495
72544
72549
72592
72600
72633
72682
72830
72841
73023
73211
73288
73341
73356
73443
73473
73558
73585
73615
73625
73674
73683
73690
73710
73811
73827
73840
73908
73935
73957
73965
74001
74174
74213
74234
74315
74340
74364
74421
74455
74460
74486
74565
74585
74643
74691
74889
74925
74981
75029
75046
75066
75091
75166
75189
75304
75356
75377
75385
75396
75432
75454
75455
75459
75489
75514
75539
75727
75792
75952
75963
76040
76052
76059
76111
76181
76238
76243
76245
76283
76374
76383
76390
76457
76580
76583
76597
76605
76619
76624
76788
76814
76829
76846
76870
77033
77058
77145
77301
77313
77336
77370
77384
77398
77402
77436
77497
77622
77650
77758
77950
78060
78064
78068
78129
78145
78146
78209
78483
78492
78628
78638
78673
78696
78724
78760
78834
78843
78866
79090
79099
79187
79213
79238
79258
79271
79279
79283
79286
79340
79376
79386
79412
79610
79611
79692
79741
79773
79801
79850
79857
79876
80097
80128
80130
80155
80171
80175
80221
80327
80406
80424
80456
80484
80530
80533
80534
80561
80617
80630
80637
80676
80729
80755
80777
80819
80850
80981
81066
81082
81198
81200
81239
81284
81348
81378
81478
81491
81498
81500
81509
81530
81619
81628
81640
81677
81732
81776
81817
81837
81840
81876
81897
82070
82126
82139
82141
82296
82436
82500
82551
82631
82659
82701
82707
82836
82868
82947
83051
83056
83122
83186
83197
83248
83256
83299
83344
83424
83430
83532
83562
83608
83715
83788
83834
83924
84003
84120
84127
84186
84267
84313
84507
84544
84549
84622
84627
84660
84667
84714
84796
84854
84921
84984
84995
85050
85131
85149
85219
85220
85225
85245
85246
85288
85460
85500
85684
85854
85877
85895
85939
85989
86006
86008
86017
86043
86059
86066
86176
86221
86254
86297
86298
86334
86355
86407
86502
86614
86648
86686
86759
86777
86836
86874
87020
87048
87079
87114
87168
87180
87233
87241
87267
87299
87400
87528
87646
87721
87751
87857
87868
87986
88058
88167
88219
88246
88252
88356
88433
88476
88504
88512
88578
88579
88595
88644
88646
88676
88705
88713
88760
88932
89010
89030
89192
89250
89259
89395
89411
89416
89423
89455
89468
89518
89582
89618
89644
89732
89836
89857
89938
90028
90087
90107
90129
90200
90202
90356
90363
90399
90526
90541
90592
90614
90723
90802
90808
90836
90864
90865
90913
91114
91171
91449
91522
91535
91801
91806
91826
91862
91870
91883
91889
91996
92072
92106
92170
92183
92312
92373
92429
92468
92591
92603
92610
92652
92718
92755
92783
92866
92867
92991
93038
93091
93117
93125
93137
93164
93170
93199
93203
93227
93329
93400
93500
93521
93676
93685
93697
93793
93916
93940
94016
94052
94210
94315
94377
94397
94422
94481
94607
94619
94651
94702
94718
94730
94734
94740
94763
94789
94816
94820
94830
94843
94855
94863
94908
95001
95128
95132
95138
95231
95255
95266
95353
95356
95357
95423
95468
95475
95498
95543
95601
95711
95720
95721
95741
95860
95893
96039
96061
96065
96139
96153
96195
96224
96339
96394
96440
96556
96604
96612
96654
96685
96785
96834
96937
97004
97024
97048
97216
97278
97299
97408
97440
97512
97520
97603
97654
97718
97803
97814
97882
97895
98083
98096
98263
98414
98470
98568
98658
98665
98676
98739
98791
98823
98878
98922
98924
98964
98976
99001
99018
99063
99075
99102
99147
99184
99211
99221
99414
99436
99473
99474
99517
99703
99716
99806
99814
99870
99880
99938
99961
